bass_enable=true
bass_maxgain=6
compression_aggressiveness=536
compression_enable=false
compression_maxatk=32
compression_maxrel=117
convolver_enable=false
convolver_file="/home/supertort0ise/.config/jamesdsp/irs/Church.wav"
convolver_optimization_mode=0
convolver_waveform_edit="-80;-100;0;0;0;0"
crossfeed_bs2b_fcut=650
crossfeed_bs2b_feed=95
crossfeed_enable=false
crossfeed_mode=1
ddc_enable=false
ddc_file="/home/supertort0ise/.config/jamesdsp/vdc/mh750.vdc"
graphiceq_enable=true
graphiceq_param="GraphicEQ: 20 -2.4; 21 -2.7; 22 -3.1; 23 -3.5; 24 -3.9; 26 -4.5; 27 -4.7; 29 -5.1; 30 -5.3; 32 -5.5; 34 -5.7; 36 -5.9; 38 -6.2; 40 -6.3; 43 -6.6; 45 -6.8; 48 -6.8; 50 -6.8; 53 -6.7; 56 -6.7; 59 -7; 63 -7.3; 66 -7.5; 70 -7.8; 74 -8; 78 -8.1; 83 -8.4; 87 -8.5; 92 -8.8; 97 -9; 103 -9.2; 109 -9.4; 115 -9.7; 121 -9.9; 128 -10.1; 136 -10.2; 143 -10.3; 151 -10.4; 160 -10.4; 169 -10.4; 178 -10.6; 188 -10.8; 199 -11; 210 -11; 222 -10.9; 235 -10.7; 248 -10.4; 262 -10; 277 -9.7; 292 -9.4; 309 -9.1; 326 -8.9; 345 -8.7; 364 -8.5; 385 -8.2; 406 -7.9; 429 -7.6; 453 -7.2; 479 -6.7; 506 -6.1; 534 -5.5; 565 -4.9; 596 -4.5; 630 -4; 665 -3.7; 703 -3.4; 743 -3.3; 784 -3.3; 829 -3.4; 875 -3.6; 924 -3.8; 977 -4.1; 1032 -4.3; 1090 -4.5; 1151 -4.6; 1216 -4.6; 1284 -4.6; 1357 -4.6; 1433 -4.8; 1514 -5; 1599 -5.2; 1689 -5.2; 1784 -5.2; 1885 -5; 1991 -5; 2103 -5.1; 2221 -5.1; 2347 -5.4; 2479 -5.7; 2618 -5.9; 2766 -5.7; 2921 -5.3; 3086 -5; 3260 -4.5; 3443 -4.1; 3637 -3; 3842 -1.5; 4058 -0.4; 4287 -0.3; 4528 -0.2; 4783 -1.7; 5052 -4; 5337 -5.5; 5637 -6.7; 5955 -7.5; 6290 -7.9; 6644 -7.8; 7018 -6.8; 7414 -6.6; 7831 -6.7; 8272 -6.7; 8738 -6.6; 9230 -6.4; 9749 -6.2; 10298 -6.3; 10878 -6.8; 11490 -7.4; 12137 -8.2; 12821 -9; 13543 -9.9; 14305 -11; 15110 -12.1; 15961 -13.3; 16860 -14.7; 17809 -16.1; 18812 -17.7; 19871 -19.3"
liveprog_enable=false
liveprog_file=""
master_enable=true
master_limrelease=500
master_limthreshold=0
master_postgain=-4
reverb_bassboost=0.25000
reverb_decay=2.08000
reverb_delay=0.00000
reverb_enable=false
reverb_finaldry=-7.00000
reverb_finalwet=-9.00000
reverb_lfo_spin=0.70000
reverb_lfo_wander=0.30000
reverb_lpf_bass=600
reverb_lpf_damp=9000
reverb_lpf_input=18000
reverb_lpf_output=17000
reverb_osf=1
reverb_reflection_amount=0.30000
reverb_reflection_factor=1.00000
reverb_reflection_width=0.70000
reverb_wet=-8.00000
reverb_width=1.00000
stereowide_enable=false
stereowide_level=72
tone_enable=true
tone_eq="40.1;63.1;160.1;630.1;1601.1;1952.1;3967.1;4286.1;4796.1;5690.1;6911.1;8394.1;10052.1;12764.1;16019.1;-0.00;2.05;1.00;2.90;3.00;0.90;4.95;7.80;6.30;6.25;4.65;7.30;6.75;9.15;10.12"
tone_filtertype=0
tone_interpolation=0
tube_enable=false
tube_pregain=-300
